vindc	V(vo)
5.000000000000000e+00	3.433379e+00
5.100000000000000e+00	3.514381e+00
5.200000000000000e+00	3.595388e+00
5.300000000000000e+00	3.676339e+00
5.400000000000000e+00	3.757414e+00
5.500000000000000e+00	3.838431e+00
5.600000000000000e+00	3.919452e+00
5.700000000000000e+00	4.000475e+00
5.800000000000000e+00	4.081447e+00
5.900000000000000e+00	4.162526e+00
6.000000000000000e+00	4.243553e+00
6.100000000000000e+00	4.324582e+00
6.200000000000000e+00	4.405611e+00
6.300000000000000e+00	4.486639e+00
6.400000000000000e+00	4.567665e+00
6.500000000000000e+00	4.648678e+00
6.600000000000000e+00	4.729630e+00
6.700000000000000e+00	4.810315e+00
6.800000000000000e+00	4.890016e+00
6.900000000000000e+00	4.966791e+00
7.000000000000000e+00	5.032769e+00
7.100000000000000e+00	5.058660e+00
7.200000000000000e+00	5.060743e+00
7.300000000000001e+00	5.060951e+00
7.400000000000000e+00	5.061025e+00
7.500000000000000e+00	5.061079e+00
7.600000000000000e+00	5.061060e+00
7.700000000000000e+00	5.061217e+00
7.800000000000001e+00	5.061263e+00
7.900000000000000e+00	5.061344e+00
8.000000000000000e+00	5.061407e+00
8.100000000000000e+00	5.061471e+00
8.199999999999999e+00	5.061534e+00
8.300000000000001e+00	5.061598e+00
8.400000000000000e+00	5.061661e+00
8.500000000000000e+00	5.061724e+00
8.600000000000000e+00	5.061787e+00
8.699999999999999e+00	5.061850e+00
8.800000000000001e+00	5.061914e+00
8.900000000000000e+00	5.061976e+00
9.000000000000000e+00	5.062039e+00
9.100000000000001e+00	5.062101e+00
9.199999999999999e+00	5.062164e+00
9.300000000000001e+00	5.062227e+00
9.400000000000000e+00	5.062326e+00
9.500000000000000e+00	5.062352e+00
9.600000000000001e+00	5.062414e+00
9.699999999999999e+00	5.062477e+00
9.800000000000001e+00	5.062539e+00
9.900000000000000e+00	5.062601e+00
1.000000000000000e+01	5.062663e+00
1.010000000000000e+01	5.062725e+00
1.020000000000000e+01	5.062787e+00
1.030000000000000e+01	5.062849e+00
1.040000000000000e+01	5.062911e+00
1.050000000000000e+01	5.062973e+00
1.060000000000000e+01	5.063035e+00
1.070000000000000e+01	5.063096e+00
1.080000000000000e+01	5.063158e+00
1.090000000000000e+01	5.063219e+00
1.100000000000000e+01	5.063281e+00
1.110000000000000e+01	5.063342e+00
1.120000000000000e+01	5.063404e+00
1.130000000000000e+01	5.063465e+00
1.140000000000000e+01	5.063526e+00
1.150000000000000e+01	5.063587e+00
1.160000000000000e+01	5.063651e+00
1.170000000000000e+01	5.063709e+00
1.180000000000000e+01	5.063770e+00
1.190000000000000e+01	5.063831e+00
1.200000000000000e+01	5.063892e+00
1.210000000000000e+01	5.063953e+00
1.220000000000000e+01	5.064013e+00
1.230000000000000e+01	5.064074e+00
1.240000000000000e+01	5.064135e+00
1.250000000000000e+01	5.064195e+00
1.260000000000000e+01	5.064270e+00
1.270000000000000e+01	5.064316e+00
1.280000000000000e+01	5.064376e+00
1.290000000000000e+01	5.064436e+00
1.300000000000000e+01	5.064497e+00
1.310000000000000e+01	5.064557e+00
1.320000000000000e+01	5.064617e+00
1.330000000000000e+01	5.064677e+00
1.340000000000000e+01	5.064737e+00
1.350000000000000e+01	5.064797e+00
1.360000000000000e+01	5.064858e+00
1.370000000000000e+01	5.064918e+00
1.380000000000000e+01	5.064974e+00
1.390000000000000e+01	5.065036e+00
1.400000000000000e+01	5.065095e+00
1.410000000000000e+01	5.065155e+00
1.420000000000000e+01	5.065215e+00
1.430000000000000e+01	5.065275e+00
1.440000000000000e+01	5.065333e+00
1.450000000000000e+01	5.065396e+00
1.460000000000000e+01	5.065452e+00
1.470000000000000e+01	5.065511e+00
1.480000000000000e+01	5.065741e+00
1.490000000000000e+01	5.065567e+00
1.500000000000000e+01	5.065688e+00
1.510000000000000e+01	5.065747e+00
1.520000000000000e+01	5.065806e+00
1.530000000000000e+01	5.065865e+00
1.540000000000000e+01	5.065923e+00
1.550000000000000e+01	5.065982e+00
1.560000000000000e+01	5.066041e+00
1.570000000000000e+01	5.066099e+00
1.580000000000000e+01	5.066158e+00
1.590000000000000e+01	5.066216e+00
1.600000000000000e+01	5.066275e+00
1.610000000000000e+01	5.066333e+00
1.620000000000000e+01	5.066391e+00
1.630000000000000e+01	5.066449e+00
1.640000000000000e+01	5.066507e+00
1.650000000000000e+01	5.066566e+00
1.660000000000000e+01	5.066624e+00
1.670000000000000e+01	5.066681e+00
1.680000000000000e+01	5.066740e+00
1.690000000000000e+01	5.066797e+00
1.700000000000000e+01	5.066855e+00
1.710000000000000e+01	5.066913e+00
1.720000000000000e+01	5.066972e+00
1.730000000000000e+01	5.067029e+00
1.740000000000000e+01	5.067131e+00
1.750000000000000e+01	5.067143e+00
1.760000000000000e+01	5.067201e+00
1.770000000000000e+01	5.067363e+00
1.780000000000000e+01	5.067316e+00
1.790000000000000e+01	5.067373e+00
1.800000000000000e+01	5.067430e+00
1.810000000000000e+01	5.067487e+00
1.820000000000000e+01	5.067544e+00
1.830000000000000e+01	5.067602e+00
1.840000000000000e+01	5.067658e+00
1.850000000000000e+01	5.067716e+00
1.860000000000000e+01	5.067772e+00
1.870000000000000e+01	5.067829e+00
1.880000000000000e+01	5.067886e+00
1.890000000000000e+01	5.067943e+00
1.900000000000000e+01	5.067999e+00
1.910000000000000e+01	5.068056e+00
1.920000000000000e+01	5.068142e+00
1.930000000000000e+01	5.068169e+00
1.940000000000000e+01	5.068226e+00
1.950000000000000e+01	5.068290e+00
1.960000000000000e+01	5.068338e+00
1.970000000000000e+01	5.068395e+00
1.980000000000000e+01	5.068451e+00
1.990000000000000e+01	5.068511e+00
2.000000000000000e+01	5.068563e+00
2.010000000000000e+01	5.068621e+00
2.020000000000000e+01	5.068676e+00
2.030000000000000e+01	5.068731e+00
2.040000000000000e+01	5.068751e+00
2.050000000000000e+01	5.068844e+00
2.060000000000000e+01	5.068899e+00
2.070000000000000e+01	5.068955e+00
2.080000000000000e+01	5.069010e+00
2.090000000000000e+01	5.069066e+00
2.100000000000000e+01	5.069122e+00
2.110000000000000e+01	5.069303e+00
2.120000000000000e+01	5.069233e+00
2.130000000000000e+01	5.069424e+00
2.140000000000000e+01	5.069344e+00
2.150000000000000e+01	5.069399e+00
2.160000000000000e+01	5.069454e+00
2.170000000000000e+01	5.069510e+00
2.180000000000000e+01	5.069565e+00
2.190000000000000e+01	5.069620e+00
2.200000000000000e+01	5.069675e+00
2.210000000000000e+01	5.069730e+00
2.220000000000000e+01	5.069785e+00
2.230000000000000e+01	5.069840e+00
2.240000000000000e+01	5.069895e+00
2.250000000000000e+01	5.069950e+00
2.260000000000000e+01	5.070004e+00
2.270000000000000e+01	5.070059e+00
2.280000000000000e+01	5.070114e+00
2.290000000000000e+01	5.070098e+00
2.300000000000000e+01	5.070223e+00
2.310000000000000e+01	5.070277e+00
2.320000000000000e+01	5.070332e+00
2.330000000000000e+01	5.070315e+00
2.340000000000000e+01	5.070347e+00
2.350000000000000e+01	5.070388e+00
2.360000000000000e+01	5.070548e+00
2.370000000000000e+01	5.070603e+00
2.380000000000000e+01	5.070545e+00
2.390000000000000e+01	5.070710e+00
2.400000000000000e+01	5.070765e+00
2.410000000000000e+01	5.070820e+00
2.420000000000000e+01	5.070874e+00
2.430000000000000e+01	5.070928e+00
2.440000000000000e+01	5.070982e+00
2.450000000000000e+01	5.071035e+00
2.460000000000000e+01	5.071089e+00
2.470000000000000e+01	5.071143e+00
2.480000000000000e+01	5.071196e+00
2.490000000000000e+01	5.071250e+00
2.500000000000000e+01	5.071303e+00
2.510000000000000e+01	5.071357e+00
2.520000000000000e+01	5.071411e+00
2.530000000000000e+01	5.071464e+00
2.540000000000000e+01	5.071517e+00
2.550000000000000e+01	5.071570e+00
2.560000000000000e+01	5.071624e+00
2.570000000000000e+01	5.071677e+00
2.580000000000000e+01	5.071730e+00
2.590000000000000e+01	5.071784e+00
2.600000000000000e+01	5.071836e+00
2.610000000000000e+01	5.071889e+00
2.620000000000000e+01	5.071942e+00
2.630000000000000e+01	5.071995e+00
2.640000000000000e+01	5.072048e+00
2.650000000000000e+01	5.072101e+00
2.660000000000000e+01	5.072154e+00
2.670000000000000e+01	5.072206e+00
2.680000000000000e+01	5.072259e+00
2.690000000000000e+01	5.072312e+00
2.700000000000000e+01	5.072364e+00
2.710000000000000e+01	5.072417e+00
2.720000000000000e+01	5.072470e+00
2.730000000000000e+01	5.072522e+00
2.740000000000000e+01	5.072575e+00
2.750000000000000e+01	5.072627e+00
2.760000000000000e+01	5.072681e+00
2.770000000000000e+01	5.072731e+00
2.780000000000000e+01	5.072783e+00
2.790000000000000e+01	5.072836e+00
2.800000000000000e+01	5.072888e+00
2.810000000000000e+01	5.072940e+00
2.820000000000000e+01	5.072992e+00
2.830000000000000e+01	5.073044e+00
2.840000000000000e+01	5.073096e+00
2.850000000000000e+01	5.073148e+00
2.860000000000000e+01	5.073200e+00
2.870000000000000e+01	5.073252e+00
2.880000000000000e+01	5.073303e+00
2.890000000000000e+01	5.073587e+00
2.900000000000000e+01	5.073407e+00
2.910000000000000e+01	5.073458e+00
2.920000000000000e+01	5.073544e+00
2.930000000000000e+01	5.073561e+00
2.940000000000000e+01	5.073613e+00
2.950000000000000e+01	5.073664e+00
2.960000000000000e+01	5.073715e+00
2.970000000000000e+01	5.073767e+00
2.980000000000000e+01	5.073818e+00
2.990000000000000e+01	5.073869e+00
3.000000000000000e+01	5.073920e+00
