rl	I(RL)
1.000000000000000e-06	4.269665e-01
1.000009900000000e-01	4.366395e-01
2.000009800000000e-01	4.467585e-01
3.000009700000000e-01	4.573589e-01
4.000009600000000e-01	4.684745e-01
5.000009500000001e-01	4.801447e-01
6.000009400000000e-01	4.924093e-01
7.000009300000001e-01	5.053178e-01
8.000009200000001e-01	5.189213e-01
9.000009100000002e-01	5.332773e-01
1.000000900000000e+00	5.484502e-01
1.100000890000000e+00	5.645117e-01
1.200000880000000e+00	5.815421e-01
1.300000870000000e+00	5.996319e-01
1.400000860000000e+00	6.188831e-01
1.500000850000000e+00	6.394112e-01
1.600000840000000e+00	6.613472e-01
1.700000830000000e+00	6.848423e-01
1.800000820000000e+00	7.100675e-01
1.900000810000000e+00	7.372214e-01
2.000000800000000e+00	7.665340e-01
2.100000790000000e+00	7.982739e-01
2.200000780000000e+00	8.327548e-01
2.300000770000000e+00	8.703477e-01
2.400000760000000e+00	9.114972e-01
2.500000750000000e+00	9.567214e-01
2.600000740000000e+00	1.006667e+00
2.700000730000001e+00	1.062116e+00
2.800000720000000e+00	1.124027e+00
2.900000710000000e+00	1.193587e+00
3.000000700000001e+00	1.272308e+00
3.100000690000000e+00	1.362162e+00
3.200000680000000e+00	1.465141e+00
3.300000670000001e+00	1.510052e+00
3.400000660000000e+00	1.484584e+00
3.500000650000000e+00	1.444610e+00
3.600000640000001e+00	1.404750e+00
3.700000630000000e+00	1.366888e+00
3.800000620000000e+00	1.330986e+00
3.900000610000001e+00	1.296914e+00
4.000000600000001e+00	1.264543e+00
4.100000590000000e+00	1.233748e+00
4.200000580000000e+00	1.204416e+00
4.300000570000001e+00	1.176446e+00
4.400000560000001e+00	1.149745e+00
4.500000550000000e+00	1.124229e+00
4.600000540000001e+00	1.099821e+00
4.700000530000001e+00	1.076450e+00
4.800000520000000e+00	1.054052e+00
4.900000510000001e+00	1.032566e+00
5.000000500000001e+00	1.011938e+00
5.100000490000001e+00	9.921187e-01
5.200000480000001e+00	9.730603e-01
5.300000470000001e+00	9.547203e-01
5.400000460000001e+00	9.370586e-01
5.500000450000001e+00	9.200385e-01
5.600000440000001e+00	9.036255e-01
5.700000430000001e+00	8.877878e-01
5.800000420000001e+00	8.724955e-01
5.900000410000001e+00	8.577211e-01
6.000000400000001e+00	8.434387e-01
6.100000390000001e+00	8.296241e-01
6.200000380000001e+00	8.162547e-01
6.300000370000001e+00	8.033092e-01
6.400000360000001e+00	7.907680e-01
6.500000350000001e+00	7.786122e-01
6.600000340000001e+00	7.668245e-01
6.700000330000001e+00	7.553883e-01
6.800000320000001e+00	7.442876e-01
6.900000310000001e+00	7.335096e-01
7.000000300000001e+00	7.230386e-01
7.100000290000001e+00	7.128624e-01
7.200000280000001e+00	7.029687e-01
7.300000270000001e+00	6.933457e-01
7.400000260000001e+00	6.839827e-01
7.500000250000001e+00	6.748691e-01
7.600000240000001e+00	6.659952e-01
7.700000230000001e+00	6.573516e-01
7.800000220000001e+00	6.489295e-01
7.900000210000001e+00	6.407201e-01
8.000000200000001e+00	6.327164e-01
8.100000189999999e+00	6.249099e-01
8.200000180000000e+00	6.172937e-01
8.300000170000001e+00	6.098609e-01
8.400000159999999e+00	6.026049e-01
8.500000150000000e+00	5.955226e-01
8.600000140000001e+00	5.885990e-01
8.700000129999999e+00	5.818365e-01
8.800000120000000e+00	5.752292e-01
8.900000110000001e+00	5.687695e-01
9.000000099999999e+00	5.624533e-01
9.100000090000000e+00	5.562758e-01
9.200000080000001e+00	5.502325e-01
9.300000069999999e+00	5.443192e-01
9.400000060000000e+00	5.385315e-01
9.500000050000001e+00	5.328656e-01
9.600000039999999e+00	5.273178e-01
9.700000030000000e+00	5.218841e-01
9.800000020000001e+00	5.165614e-01
9.900000010000001e+00	5.113462e-01
1.000000000000000e+01	5.062352e-01
